100    1
0 0 0 0                                                     
-2.600 1.040 9.360 10.040                                              
20 25 20                                                        
1 1 1                                                           
0  0.70  -0.75  0.75
0.468  1.090   0.01  1.025  1    
-0.350
                                                                
                                                                                
                                                                                
